8.115788 7.763298
8.084659 1.509445
6.520280 5.275125
3.720206 1.047700
5.700858 2.961821
9.134800 6.898709
9.306620 6.345408
3.354595 0.209967
4.210944 8.853114
8.953825 9.692984
9.990540 9.632557
9.860531 4.443800
1.702628 1.462752
8.875698 7.648244
0.031739 6.576128
1.456648 1.473129
7.854854 3.201392
7.335734 8.467055
7.298807 0.643941
6.530351 9.771111
6.349986 5.713065
1.314432 5.464339
9.073764 8.308054
0.705588 7.347331
8.510696 8.978546
9.035615 9.480269
6.313059 6.269722
5.164952 6.787927
8.179266 6.665242
3.906980 7.044282
9.153417 4.939116
6.218146 6.545305
7.850886 7.731559
9.721061 4.790491
3.670461 8.159734
6.124149 8.475905
6.058535 4.275643
7.096164 0.119938
9.886471 9.185156
5.160680 1.629383
6.003296 5.638295
1.173742 8.117008
1.027558 2.905972
4.944609 2.288583
5.439009 8.754539
0.563372 4.709616
4.033326 4.327219
3.001495 0.258187
7.803888 4.754173
7.538377 6.087832
1.311380 3.292642
8.587909 1.402936
4.603717 1.815546
9.479659 4.365062
3.748589 5.463424
9.759209 6.438490
9.045075 4.264657
1.572314 9.492477
4.967193 9.544359
1.691641 5.968200
0.916776 7.927794
0.751671 7.424238
6.832484 0.758385
6.252937 1.774346
2.725913 1.733146
0.897244 4.529557
6.210822 0.576800
2.820215 4.355907
7.076021 5.562609
9.277932 8.259834
2.977691 2.692648
0.353099 6.718040
5.303812 4.352550
4.247261 4.058657
9.276711 5.248573
0.711997 4.410535
7.359539 8.445997
4.191412 8.529923
0.023499 9.313639
3.230384 1.818598
2.941679 0.194098
7.720572 8.848842
4.669332 3.608509
0.532853 4.699851
3.878292 6.807764
5.116123 8.427992
0.202948 5.484481
5.607166 8.974273
7.760857 9.458906
1.027253 8.829920
5.413068 8.147527
0.122990 5.763421
2.825709 8.631855
8.413648 7.932066
6.393322 4.135563
4.005249 2.679220
4.088565 5.725577
3.742180 4.340648
3.301187 5.046540
6.249886 1.363262
0.726035 0.905179
3.433027 8.055666
8.366344 7.513352
6.998199 1.276284
4.709616 7.202979
1.553087 7.382122
5.146947 5.429853
0.855129 9.735709
0.686972 0.869778
8.763085 2.097232
9.038667 8.430128
1.460006 8.205816
7.116001 7.978454
2.510453 2.863246
9.032563 6.611835
7.307352 4.837489
8.647115 7.271645
8.478957 6.891079
0.721458 1.515244
8.816187 3.255409
9.756462 9.267555
3.278909 9.855038
0.560320 3.348796
6.650594 7.599414
9.627674 1.608631
8.395947 4.055910
1.370891 4.464858
1.291238 3.810846
8.286386 0.665304
5.384991 2.837001
9.102145 9.088412
3.854183 7.174596
3.981445 9.385663
2.316355 1.245766
0.836512 9.290751
8.162480 6.105533
1.818903 1.396527
1.470077 2.949919
4.048891 7.219153
4.064455 2.189093
3.643910 1.358379
8.282113 3.400067
7.113254 3.570971
2.006592 6.469924
9.174170 1.563463
1.537828 9.244667
1.061129 2.321543
8.852504 1.991028
8.382214 4.788659
4.821314 3.993042
2.589801 1.700796
4.952239 2.582781
5.128941 3.397626
9.206213 9.931639
8.319651 1.417890
2.464675 7.901853
2.045351 4.691305
7.202673 6.284371
0.300607 6.141239
4.927519 4.720298
6.666768 2.510147
7.954649 3.631397
2.773522 5.221412
8.075197 4.465163
8.814661 5.085299
3.681448 4.568926
0.173956 8.670004
1.911985 7.006440
9.229408 9.140598
7.377239 0.625629
6.392712 9.385968
4.031800 0.697043
9.453413 0.242927
1.752373 5.426497
5.282144 1.630909
4.186529 8.662374
2.963958 9.407025
9.431746 4.105655
2.415540 5.757927
0.108951 1.337016
7.556688 5.941648
4.397717 8.972136
8.093204 9.185156
4.582049 5.257118
8.976410 6.556902
4.687643 1.422163
1.600391 3.624683
3.757744 8.096866
5.801874 0.711386
6.338084 0.105594
6.718040 8.558916
6.730247 9.958190
5.577868 2.216559
8.579363 5.337687
8.475905 0.965300
6.353648 0.910367
2.198248 7.087008
0.282296 9.763481
1.163671 1.295205
1.313517 4.779504
4.538103 7.641530
7.653432 5.272988
7.588428 5.699637
9.448530 9.185461
6.337473 2.856227
3.178197 6.164739
9.581286 4.504837
2.316355 1.833247
7.333292 4.965362
5.819880 8.560137
9.755852 6.939909
1.019318 3.050935
5.642567 2.312082
2.461318 6.066164
4.515824 2.112797
3.271889 4.579302
1.395917 8.451797
0.602741 1.691336
8.313852 6.238288
1.720634 4.609821
1.619312 7.500839
2.305368 6.008179
9.157689 6.112247
3.515732 9.075290
6.367077 5.741753
9.388715 1.568651
5.368816 8.839992
1.131016 9.186987
6.105228 9.472030
9.873043 3.567003
3.590808 7.811823
4.433729 5.225685
0.343333 9.106723
5.677359 6.754356
8.046511 4.930265
4.005554 6.579791
7.519150 9.530015
1.563463 8.603473
1.044954 9.086886
5.712149 8.033998
6.129337 6.696372
5.332194 8.721274
4.741661 0.886868
6.524858 2.308725
7.113254 0.482498
9.266945 4.513993
4.143803 3.628651
1.588488 8.850062
7.486190 3.789178
2.830287 3.101291
1.369060 0.527970
2.544939 8.866848
5.220801 7.891781
6.609393 9.480269
1.154515 8.196051
7.101047 6.621906
5.381939 4.042482
7.511216 0.937834
7.613148 6.364330
9.849238 6.969817
7.507858 1.322672
5.206763 7.718436
2.240669 3.863338
4.338511 9.145786
4.242378 0.743126
9.828180 9.933775
3.176672 0.846889
6.394848 6.805933
1.221045 5.596179
0.911893 0.730308
5.709403 7.271340
8.690756 4.314707
8.200018 8.056581
7.597278 5.702078
4.033937 7.618946
6.566057 9.285867
1.440779 2.034364
0.067446 8.553423
4.261604 1.876888
5.098117 1.369671
7.343974 2.276376
2.248909 3.015534
8.677023 2.764061
7.422407 7.293618
7.329020 9.716178
5.753350 1.009247
1.244545 9.204992
4.301889 2.149419
3.970458 3.076266
5.075839 7.058626
4.368114 6.058535
4.949187 6.935026
8.378857 6.721702
4.037904 8.955657
6.898404 0.094607
9.094516 2.340464
8.833582 4.758141
3.484298 4.674215
3.389691 2.219306
0.307627 8.789636
0.665914 1.386456
0.227668 5.534226
4.608600 5.952940
0.567949 2.726524
7.393109 7.502975
7.244179 5.616016
9.292582 2.154912
6.085086 9.158299
3.098544 3.550218
5.117954 7.423017
7.155370 0.002441
4.366893 0.439467
6.067080 8.620564
4.737693 3.797723
3.147374 4.215522
2.543718 1.315348
3.666188 5.805841
1.241493 6.084781
2.962126 8.533280
6.935331 0.208441
8.480178 3.799860
9.211707 8.544267
9.794915 5.441756
3.872494 6.758629
5.690786 4.749901
9.120457 9.017304
2.348705 2.150334
1.767632 5.610828
1.713309 8.358410
5.025177 5.838801
4.094974 2.816858
4.435560 6.456496
4.076357 2.233650
3.514206 1.002838
3.778497 7.026277
5.661183 0.320444
2.555925 8.492996
3.901181 9.576403
7.177343 4.515213
5.023041 2.101505
1.558275 6.611835
9.671315 5.361186
0.108951 6.149785
4.961699 9.360637
3.753166 2.528459
1.175573 2.810755
2.690207 1.151769
9.100924 7.358928
4.955290 3.993042
9.577623 5.194250
4.842982 0.575274
1.816767 0.350047
0.257881 2.170171
2.047487 9.007843
3.053072 7.033906
9.060640 9.115879
1.416669 9.490341
8.208258 4.640950
8.377636 0.674764
0.425123 4.757225
5.480209 3.751030
7.829829 3.291116
5.703299 1.409345
2.469558 8.732871
4.674825 8.469497
9.775994 0.125126
4.253975 7.386089
3.285623 9.147312
7.536546 9.483017
2.197943 3.696096
9.348735 9.718925
8.321482 3.292032
1.293374 7.801446
3.981750 1.605579
5.408795 3.462935
7.448347 6.432691
5.500351 8.707541
7.441633 2.418287
0.216071 4.842677
3.284707 6.849575
6.919156 7.110202
2.265389 3.826106
0.421766 4.726401
0.763573 7.124546
5.652943 9.144566
0.712302 7.062593
8.302866 8.353832
7.954649 1.682791
2.529069 0.024110
4.054994 7.565844
9.769585 1.312906
8.133183 0.580462
7.731864 8.142949
0.276498 1.894284
3.624378 1.766106
3.101291 9.543749
0.684225 5.425581
3.016144 0.889004
2.070071 8.926664
7.758720 6.257210
1.181982 3.930479
1.763054 9.089328
2.466811 7.785272
5.921506 2.904752
1.776177 8.700521
3.303323 0.395215
0.338755 0.086673
7.393720 4.957427
1.405683 6.864528
4.414197 9.983214
3.635060 1.557360
6.287118 6.212653
0.279550 2.988678
5.809503 2.468947
8.234505 5.380108
0.591754 0.082705
6.011536 0.679647
7.335124 6.321909
4.704428 1.921445
2.996307 7.135838
1.000397 0.433973
4.414807 4.529862
6.309702 4.709006
2.957549 8.882107
1.065401 3.741264
5.744804 1.511582
8.268684 2.656636
0.022279 7.815485
5.327006 3.434553
2.239143 6.282845
8.262581 8.542436
8.396558 3.701590
7.340922 0.292673
7.225562 1.868343
8.192083 3.733940
2.764977 6.116214
7.479782 5.891599
7.889950 0.968047
7.185583 9.166234
5.364239 3.235572
6.567278 1.705985
7.972655 7.868893
5.857418 2.565996
4.299448 6.874599
0.760216 4.460891
1.712699 6.610614
1.815241 1.931517
3.117771 3.775750
7.682119 7.733085
9.044770 5.399334
6.418043 5.256508
1.626637 3.149510
3.803827 9.802240
2.041688 7.271035
2.783288 6.507462
7.965331 0.461745
3.079012 7.753227
2.613300 7.006440
5.046235 7.850581
1.923887 7.473983
6.826075 7.828303
1.449019 4.294565
8.865932 8.128300
9.515060 8.530839
4.860073 2.026124
8.214362 3.147374
3.183996 7.585070
8.793298 3.101596
7.875912 0.956450
2.995392 7.562487
3.232826 8.845180
6.925871 4.567400
1.082186 2.939848
8.995941 3.438520
4.792627 4.137700
8.513138 5.260780
9.083529 9.359111
6.479995 6.739707
9.700004 8.775292
5.158238 7.754143
2.011780 6.261178
7.969604 7.907956
2.603534 0.878018
6.288033 2.400586
2.911160 2.209540
4.689169 2.527848
8.976105 7.353129
1.222571 1.120945
6.370434 2.385632
4.260994 8.242134
4.367198 6.117435
2.497329 7.444380
8.404187 8.938566
9.649648 7.913144
4.915311 4.578387
0.430921 2.795801
7.587512 7.588428
9.358195 9.038972
9.103366 4.357433
8.947416 9.037446
