0 9.182409 9.558702 58 6.072878 7.181311 3.914227 9.182409 9.558702
58 6.072878 7.181311 99 5.745415 5.384076 1.826824 3.132115 8.808558
0 9.182409 9.558702 1 3.132115 8.808558 6.096621 6.078066 5.899838
0 9.182409 9.558702 65 1.889401 9.653920 7.293630 2.964568 2.919096
0 9.182409 9.558702 13 6.550188 2.282479 7.737701 2.396008 2.577593
0 9.182409 9.558702 75 5.385296 1.684622 8.741808 1.287271 7.117527
75 5.385296 1.684622 56 5.379192 2.098453 0.413876 9.585254 9.803156
58 6.072878 7.181311 76 2.155217 2.710349 5.944541 8.803064 0.298166
58 6.072878 7.181311 77 9.924925 2.302622 6.216098 2.958464 0.642415
65 1.889401 9.653920 71 4.781335 9.978637 2.910107 4.283578 7.223426
65 1.889401 9.653920 85 3.438826 6.781213 3.263918 9.993286 2.378613
58 6.072878 7.181311 49 0.809961 2.880032 6.797006 1.745659 3.250221
1 3.132115 8.808558 84 8.186895 7.934202 5.129845 7.394940 1.559496
65 1.889401 9.653920 44 6.092105 8.769799 4.294693 6.550188 2.282479
76 2.155217 2.710349 51 1.541490 4.613483 1.999645 8.496658 8.053225
13 6.550188 2.282479 89 4.216132 5.950499 4.347664 4.489578 5.755181
13 6.550188 2.282479 67 2.388073 3.650014 4.381021 7.553331 8.416394
85 3.438826 6.781213 93 2.134159 7.869503 1.698979 2.927946 5.467696
58 6.072878 7.181311 90 0.891446 0.476089 8.473915 2.490921 3.895993
56 5.379192 2.098453 18 2.490921 3.895993 3.401950 8.052919 8.078555
1 3.132115 8.808558 42 9.175085 6.216620 6.575381 2.676473 3.368023
76 2.155217 2.710349 46 0.715659 0.132145 2.952874 7.302469 4.069033
56 5.379192 2.098453 72 9.197363 1.714530 3.837424 3.270364 6.533708
93 2.134159 7.869503 28 2.928251 8.006226 0.805776 1.033051 8.997772
76 2.155217 2.710349 73 4.827113 4.936674 3.477865 2.721336 7.678152
85 3.438826 6.781213 78 6.127201 7.713248 2.845356 2.485427 9.845881
18 2.490921 3.895993 11 1.745659 3.250221 0.986122 4.971465 5.312967
76 2.155217 2.710349 15 4.489578 5.755181 3.836697 0.115055 4.278695
71 4.781335 9.978637 55 3.971069 6.491592 3.579946 2.928251 8.006226
13 6.550188 2.282479 14 8.496658 8.053225 6.090177 1.348918 5.627308
89 4.216132 5.950499 2 6.078066 5.899838 1.862623 4.769738 1.716666
15 4.489578 5.755181 98 4.305857 5.542772 0.280840 1.828669 1.402936
67 2.388073 3.650014 17 2.927946 5.467696 1.896162 9.643849 8.948027
72 9.197363 1.714530 10 9.993286 2.378613 1.036581 9.207434 8.165532
71 4.781335 9.978637 37 7.450788 7.235633 3.827539 4.323863 5.026093
75 5.385296 1.684622 74 6.947234 6.862087 5.407938 5.556200 0.543229
11 1.745659 3.250221 20 2.676473 3.368023 0.938239 7.387615 1.823786
1 3.132115 8.808558 39 7.791070 1.790216 8.423953 7.450788 7.235633
42 9.175085 6.216620 33 9.207434 8.165532 1.949180 2.471694 4.235359
18 2.490921 3.895993 29 1.348918 5.627308 2.074035 7.791070 1.790216
55 3.971069 6.491592 88 3.310648 7.026582 0.849923 7.176733 9.718925
56 5.379192 2.098453 27 0.115055 4.278695 5.697772 8.427075 0.988189
71 4.781335 9.978637 26 4.971465 5.312967 4.669542 9.175085 6.216620
14 8.496658 8.053225 95 7.619556 8.950773 1.254951 7.644276 8.630024
13 6.550188 2.282479 32 9.643849 8.948027 7.348487 6.092105 8.769799
88 3.310648 7.026582 22 3.270364 6.533708 0.494517 1.575671 7.551195
14 8.496658 8.053225 86 9.895932 7.998291 1.400352 0.715659 0.132145
84 8.186895 7.934202 80 8.783532 3.928342 4.050048 3.603626 7.669302
74 6.947234 6.862087 70 6.299631 5.922422 1.141209 8.102359 5.706046
51 1.541490 4.613483 68 1.321757 8.069399 3.462894 0.809961 2.880032
44 6.092105 8.769799 25 2.485427 9.845881 3.763785 6.140324 8.101138
78 6.127201 7.713248 19 8.052919 8.078555 1.960061 1.541490 4.613483
88 3.310648 7.026582 9 4.283578 7.223426 0.992643 6.131168 1.638844
65 1.889401 9.653920 30 4.769738 1.716666 8.443716 3.149816 4.860988
28 2.928251 8.006226 87 5.741447 8.191168 2.819269 4.955290 2.110355
51 1.541490 4.613483 66 0.314951 8.494522 4.070241 3.971069 6.491592
51 1.541490 4.613483 79 0.979034 0.502945 4.148841 5.379192 2.098453
44 6.092105 8.769799 64 8.391065 4.806971 4.581400 8.604694 3.660695
98 4.305857 5.542772 38 2.471694 4.235359 2.252439 6.072878 7.181311
89 4.216132 5.950499 16 7.553331 8.416394 4.149402 0.555437 0.134281
15 4.489578 5.755181 24 2.721336 7.678152 2.612374 7.894223 3.324991
16 7.553331 8.416394 43 7.644276 8.630024 0.232182 1.305277 8.330333
29 1.348918 5.627308 45 1.575671 7.551195 1.937204 8.006531 0.782495
73 4.827113 4.936674 4 2.396008 2.577593 3.387555 9.866024 6.899930
2 6.078066 5.899838 91 8.981598 5.236976 2.978235 8.391065 4.806971
18 2.490921 3.895993 83 4.788049 0.077822 4.455920 1.889401 9.653920
2 6.078066 5.899838 60 7.894223 3.324991 3.150914 0.314951 8.494522
98 4.305857 5.542772 50 6.140324 8.101138 3.148096 2.388073 3.650014
28 2.928251 8.006226 82 7.036958 8.142034 4.110950 1.321757 8.069399
14 8.496658 8.053225 97 5.651417 9.856258 3.368431 1.131321 9.253212
10 9.993286 2.378613 21 7.302469 4.069033 3.177738 6.299631 5.922422
44 6.092105 8.769799 57 8.604694 3.660695 5.693510 4.781335 9.978637
29 1.348918 5.627308 61 1.305277 8.330333 2.703377 9.197363 1.714530
37 7.450788 7.235633 6 9.585254 9.803156 3.338880 4.827113 4.936674
84 8.186895 7.934202 36 7.387615 1.823786 6.162470 6.947234 6.862087
11 1.745659 3.250221 5 1.287271 7.117527 3.894377 5.385296 1.684622
28 2.928251 8.006226 40 7.176733 9.718925 4.580713 2.155217 2.710349
98 4.305857 5.542772 48 8.102359 5.706046 3.800011 9.924925 2.302622
85 3.438826 6.781213 59 0.555437 0.134281 7.245387 6.127201 7.713248
15 4.489578 5.755181 69 1.131321 9.253212 4.849135 0.979034 0.502945
10 9.993286 2.378613 63 9.866024 6.899930 4.523108 8.783532 3.928342
50 6.140324 8.101138 92 5.509201 9.525437 1.557865 1.910459 2.590411
98 4.305857 5.542772 23 1.033051 8.997772 4.759021 7.036958 8.142034
80 8.783532 3.928342 7 8.803064 0.298166 3.630229 4.788049 0.077822
60 7.894223 3.324991 12 7.394940 1.559496 1.834736 8.186895 7.934202
78 6.127201 7.713248 54 4.955290 2.110355 5.724141 3.438826 6.781213
30 4.769738 1.716666 53 3.149816 4.860988 3.537076 9.895932 7.998291
60 7.894223 3.324991 41 8.427075 0.988189 2.396785 5.741447 8.191168
38 2.471694 4.235359 47 3.603626 7.669302 3.615692 3.310648 7.026582
55 3.971069 6.491592 35 5.556200 0.543229 6.155945 4.216132 5.950499
98 4.305857 5.542772 62 8.006531 0.782495 6.029530 0.891446 0.476089
83 4.788049 0.077822 31 1.828669 1.402936 3.242507 8.981598 5.236976
43 7.644276 8.630024 34 4.323863 5.026093 4.900353 5.509201 9.525437
41 8.427075 0.988189 52 6.131168 1.638844 2.386324 2.134159 7.869503
9 4.283578 7.223426 96 0.365917 2.311167 6.283180 2.374950 1.531419
68 1.321757 8.069399 94 2.374950 1.531419 6.622265 7.619556 8.950773
80 8.783532 3.928342 8 2.958464 0.642415 6.687954 0.365917 2.311167
63 9.866024 6.899930 81 1.910459 2.590411 9.047815 5.651417 9.856258
81 1.910459 2.590411 3 2.964568 2.919096 1.104165 4.305857 5.542772
